   64 0.3004
   64 0.2979
   64 0.3447
   64 0.3291
   64 0.3135
   64 0.2844
   64 0.3032
   64 0.2500
   64 0.3760
   64 0.3291
   64 0.3071
   64 0.2727
   64 0.2993
   64 0.3149
   64 0.3071
   64 0.2500
   64 0.2979
   64 0.2720
   64 0.2822
   64 0.3057
   64 0.3135
   64 0.2500
   64 0.2461
   64 0.2890
   64 0.3135
   64 0.2805
   64 0.2588
   64 0.2471
   64 0.2656
   64 0.2783
   64 0.3604
   64 0.3447
   64 0.2805
   64 0.3071
   64 0.2496
   64 0.2731
   64 0.2979
   64 0.2822
   64 0.2500
   64 0.2500
   64 0.2848
   64 0.2500
   64 0.2422
   64 0.2954
   64 0.3018
   64 0.3018
   64 0.3228
   64 0.3096
   64 0.3447
   64 0.3228
   64 0.3032
   64 0.2705
   64 0.2305
   64 0.2500
   64 0.3241
   64 0.2500
   64 0.2861
   64 0.2809
   64 0.3040
   64 0.3135
   64 0.3174
   64 0.3135
   64 0.3604
   64 0.3174
   64 0.2798
   64 0.3486
   64 0.3252
   64 0.1875
   64 0.2967
   64 0.2459
   64 0.3174
   64 0.3000
   64 0.2496
   64 0.2928
   64 0.3228
   64 0.3447
   64 0.2493
   64 0.2627
   64 0.3291
   64 0.3267
   64 0.3018
   64 0.3135
   64 0.3469
   64 0.2744
   64 0.2822
   64 0.2876
   64 0.2883
   64 0.3057
   64 0.2695
   64 0.2993
   64 0.3330
   64 0.2499
   64 0.2578
   64 0.2656
   64 0.3110
   64 0.2720
   64 0.2954
   64 0.2655
   64 0.2979
   64 0.3604
   64 0.3135
   64 0.3228
   64 0.2850
   64 0.3188
   64 0.2499
   64 0.2539
   64 0.3213
   64 0.2805
   64 0.2798
   64 0.3043
   64 0.3135
   64 0.2493
   64 0.3135
   64 0.2939
   64 0.3447
   64 0.1875
   64 0.3486
   64 0.2002
   64 0.3135
   64 0.2653
   64 0.3228
   64 0.2783
   64 0.3110
   64 0.2500
   64 0.2493
   64 0.3071
   64 0.2783
   64 0.2926
   64 0.3462
   64 0.2961
   64 0.2961
   64 0.3525
   64 0.3291
   64 0.3228
   64 0.2500
   64 0.2656
   64 0.3604
   64 0.3369
   64 0.2187
   64 0.2314
   64 0.3006
   64 0.2500
   64 0.2915
   64 0.2485
   64 0.3018
   64 0.3345
   64 0.3135
   64 0.3000
   64 0.3157
   64 0.2500
   64 0.2876
   64 0.3213
   64 0.2979
   64 0.3135
   64 0.2979
   64 0.2500
   64 0.2993
   64 0.2922
   64 0.3760
   64 0.2344
   64 0.3447
   64 0.3135
   64 0.3252
   64 0.3160
   64 0.3110
   64 0.2500
   64 0.3203
   64 0.3057
   64 0.3174
   64 0.2805
   64 0.2471
   64 0.3196
   64 0.2695
   64 0.2939
   64 0.2720
   64 0.2939
   64 0.3174
   64 0.2891
   64 0.2979
   64 0.3174
   64 0.3291
   64 0.3135
   64 0.2822
   64 0.3213
   64 0.2705
   64 0.2656
   64 0.2812
   64 0.2654
   64 0.2900
   64 0.3213
   64 0.3018
   64 0.2979
   64 0.2812
   64 0.2915
   64 0.3174
   64 0.2422
   64 0.2979
   64 0.2939
   64 0.2876
   64 0.2471
   64 0.2500
   32 0.2812
   32 0.2510
   32 0.3369
   32 0.3135
   32 0.2344
   32 0.2783
   32 0.2329
   32 0.3760
   32 0.2822
   32 0.3135
   32 0.3018
   32 0.3135
   32 0.3228
   32 0.3057
   32 0.2744
   32 0.3760
   32 0.2993
   32 0.2642
   32 0.2822
   32 0.2731
   32 0.3018
   32 0.2744
   32 0.2954
   32 0.3486
   32 0.2432
   32 0.2731
   32 0.3174
   32 0.3135
   32 0.2500
   32 0.3447
   32 0.2627
   32 0.3149
   32 0.3135
   32 0.1250
   32 0.3291
   32 0.3291
   32 0.2314
   32 0.2798
   32 0.2900
   32 0.2420
   32 0.2187
   32 0.2158
   32 0.2979
   32 0.2731
   32 0.2420
   32 0.2563
   32 0.2471
   32 0.2485
   32 0.3135
   32 0.3135
   32 0.2158
   32 0.2627
   32 0.3135
   32 0.2653
   32 0.2460
   32 0.2979
   32 0.2471
   32 0.2446
   32 0.3291
   32 0.1250
   32 0.3760
   32 0.3082
   32 0.2850
   32 0.2354
   32 0.3188
   32 0.2485
   32 0.2340
   32 0.3149
   32 0.2493
   32 0.1790
   32 0.2798
   32 0.2883
   32 0.2837
   32 0.3149
   32 0.3032
   32 0.2493
   32 0.1874
   32 0.2499
   32 0.2939
   32 0.3447
   32 0.2656
   32 0.3447
   32 0.3196
   32 0.4072
   32 0.3157
   32 0.2421
   32 0.3760
   32 0.3110
   32 0.3213
   32 0.3135
   32 0.2500
   32 0.2979
   32 0.2471
   32 0.3369
   32 0.2876
   32 0.2887
   32 0.2939
   32 0.2499
   32 0.2876
   32 0.2024
   32 0.3149
   32 0.3174
   32 0.2887
   32 0.2705
   32 0.2496
   32 0.2861
   32 0.2812
   32 0.2493
   32 0.1875
   32 0.2493
   32 0.2329
   32 0.2459
   32 0.2627
   32 0.2493
   32 0.2180
   32 0.3228
   32 0.2549
   32 0.2432
   32 0.2861
   32 0.1875
   32 0.3057
   32 0.2290
   32 0.3213
   32 0.2744
   32 0.2460
   32 0.2446
   32 0.2705
   32 0.2783
   32 0.2900
   32 0.2187
   32 0.2744
   32 0.2461
   32 0.2783
   32 0.2187
   32 0.3447
   32 0.3040
   32 0.2614
   32 0.2783
   32 0.2102
   32 0.2783
   32 0.3525
   32 0.2471
   32 0.3760
   32 0.2571
   32 0.3330
   32 0.2576
   32 0.2342
   32 0.3760
   32 0.2805
   32 0.2979
   32 0.2499
   32 0.2681
   32 0.2915
   32 0.3149
   32 0.3162
   32 0.2979
   32 0.1875
   32 0.3228
   32 0.2158
   32 0.2471
   32 0.3291
   32 0.2900
   32 0.2187
   32 0.3330
   32 0.2329
   32 0.2734
   32 0.3149
   32 0.2627
   32 0.2642
   32 0.2759
   32 0.3447
   32 0.2759
   32 0.2705
   32 0.3213
   32 0.2900
   32 0.2979
   32 0.2783
   32 0.2979
   32 0.2493
   32 0.3162
   32 0.3110
   32 0.3291
   32 0.3196
   32 0.2344
   32 0.3462
   32 0.1871
   32 0.2773
   32 0.3760
   32 0.2375
   32 0.2681
   32 0.3291
   32 0.3462
   32 0.3174
   32 0.2383
   32 0.3447
   32 0.2381
   32 0.2811
   32 0.3018
   32 0.2496
   32 0.3135
   16 0.2422
   16 0.3486
   16 0.2844
   16 0.3057
   16 0.3356
   16 0.2499
   16 0.2965
   16 0.5010
   16 0.3916
   16 0.2837
   16 0.3853
   16 0.3486
   16 0.3682
   16 0.3018
   16 0.3057
   16 0.3774
   16 0.5010
   16 0.3018
   16 0.3110
   16 0.3135
   16 0.3135
   16 0.3760
   16 0.3760
   16 0.3447
   16 0.3760
   16 0.3916
   16 0.3760
   16 0.3135
   16 0.2812
   16 0.3110
   16 0.3228
   16 0.3118
   16 0.4150
   16 0.3525
   16 0.2460
   16 0.2500
   16 0.3384
   16 0.3735
   16 0.5010
   16 0.3760
   16 0.3760
   16 0.3408
   16 0.3864
   16 0.3774
   16 0.3008
   16 0.3274
   16 0.2783
   16 0.3174
   16 0.3369
   16 0.3760
   16 0.3291
   16 0.3760
   16 0.3760
   16 0.3084
   16 0.3160
   16 0.3760
   16 0.3618
   16 0.2485
   16 0.2500
   16 0.3274
   16 0.2961
   16 0.3892
   16 0.2500
   16 0.3501
   16 0.3199
   16 0.3057
   16 0.2471
   16 0.2499
   16 0.2805
   16 0.2837
   16 0.4072
   16 0.2500
   16 0.3291
   16 0.3931
   16 0.3994
   16 0.5010
   16 0.3760
   16 0.3032
   16 0.3447
   16 0.3369
   16 0.3032
   16 0.4111
   16 0.3345
   16 0.3604
   16 0.3525
   16 0.3110
   16 0.3096
   16 0.2783
   16 0.3955
   16 0.3096
   16 0.2812
   16 0.3045
   16 0.3096
   16 0.3760
   16 0.3760
   16 0.3110
   16 0.2304
   16 0.2500
   16 0.3369
   16 0.3391
   16 0.3369
   16 0.3486
   16 0.5010
   16 0.3057
   16 0.3579
   16 0.3125
   16 0.3994
   16 0.3408
   16 0.3547
   16 0.2954
   16 0.2890
   16 0.2939
   16 0.3618
   16 0.3486
   16 0.2783
   16 0.2336
   16 0.3330
   16 0.2720
   16 0.2496
   16 0.3447
   16 0.2471
   16 0.3931
   16 0.3345
   16 0.2809
   16 0.3604
   16 0.3174
   16 0.3618
   16 0.3118
   16 0.2421
   16 0.2485
   16 0.3306
   16 0.2471
   16 0.1875
   16 0.3486
   16 0.2500
   16 0.3057
   16 0.3525
   16 0.2500
   16 0.2993
   16 0.3643
   16 0.2642
   16 0.3057
   16 0.3330
   16 0.4385
   16 0.2500
   16 0.3228
   16 0.3057
   16 0.2812
   16 0.2459
   16 0.2588
   16 0.4072
   16 0.2344
   16 0.2493
   16 0.3228
   16 0.4111
   16 0.3447
   16 0.3760
   16 0.3007
   16 0.2500
   16 0.3118
   16 0.3486
   16 0.3970
   16 0.3032
   16 0.3838
   16 0.2887
   16 0.3174
   16 0.2915
   16 0.2485
   16 0.2922
   16 0.2887
   16 0.2979
   16 0.3735
   16 0.2844
   16 0.2344
   16 0.4072
   16 0.3408
   16 0.3174
   16 0.3032
   16 0.3057
   16 0.3121
   16 0.2783
   16 0.3110
   16 0.3462
   16 0.2798
   16 0.3447
   16 0.3473
   16 0.3252
   16 0.2783
   16 0.3235
   16 0.3760
   16 0.3174
   16 0.3916
   16 0.3164
   16 0.3486
   16 0.3774
   16 0.3604
   16 0.3586
   16 0.3447
   16 0.3696
   16 0.3760
   48 0.2493
   48 0.2666
   48 0.2471
   48 0.2822
   48 0.2186
   48 0.3447
   48 0.2485
   48 0.2471
   48 0.2485
   48 0.2498
   48 0.3252
   48 0.3235
   48 0.2329
   48 0.2993
   48 0.2393
   48 0.2485
   48 0.2759
   48 0.2454
   48 0.3291
   48 0.2461
   48 0.2979
   48 0.2939
   48 0.2979
   48 0.2471
   48 0.2485
   48 0.2524
   48 0.2954
   48 0.2251
   48 0.2783
   48 0.2887
   48 0.2744
   48 0.2822
   48 0.2375
   48 0.2993
   48 0.2979
   48 0.3306
   48 0.2979
   48 0.3267
   48 0.3760
   48 0.3252
   48 0.3135
   48 0.2493
   48 0.3213
   48 0.2993
   48 0.2979
   48 0.3447
   48 0.2375
   48 0.2961
   48 0.2275
   48 0.2418
   48 0.2500
   48 0.3462
   48 0.2649
   48 0.3267
   48 0.1875
   48 0.2759
   48 0.2471
   48 0.3447
   48 0.3040
   48 0.2809
   48 0.3330
   48 0.2500
   48 0.2688
   48 0.3760
   48 0.3149
   48 0.3317
   48 0.3018
   48 0.2822
   48 0.2848
   48 0.2485
   48 0.2496
   48 0.2187
   48 0.2731
   48 0.3369
   48 0.3252
   48 0.2655
   48 0.2603
   48 0.3462
   48 0.2407
   48 0.2407
   48 0.3135
   48 0.3018
   48 0.3174
   48 0.3018
   48 0.2432
   48 0.2432
   48 0.2861
   48 0.2993
   48 0.2744
   48 0.2727
   48 0.3032
   48 0.2500
   48 0.2805
   48 0.2861
   48 0.2485
   48 0.3018
   48 0.2578
   48 0.2805
   48 0.3157
   48 0.2805
   48 0.2461
   48 0.2993
   48 0.2493
   48 0.3135
   48 0.2822
   48 0.3462
   48 0.2783
   48 0.2822
   48 0.2642
   48 0.2979
   48 0.3447
   48 0.2563
   48 0.2627
   48 0.2993
   48 0.3135
   48 0.3135
   48 0.2500
   48 0.2420
   48 0.2766
   48 0.3447
   48 0.2759
   48 0.2471
   48 0.2883
   48 0.2766
   48 0.2471
   48 0.2772
   48 0.3110
   48 0.2850
   48 0.3345
   48 0.2258
   48 0.2666
   48 0.2861
   48 0.3313
   48 0.2500
   48 0.3018
   48 0.3447
   48 0.2418
   48 0.2336
   48 0.3004
   48 0.3462
   48 0.2900
   48 0.2187
   48 0.2693
   48 0.3291
   48 0.3174
   48 0.2485
   48 0.2471
   48 0.2180
   48 0.2844
   48 0.3369
   48 0.2610
   48 0.2496
   48 0.2766
   48 0.2883
   48 0.2883
   48 0.2744
   48 0.3135
   48 0.3149
   48 0.3018
   48 0.3201
   48 0.2627
   48 0.3118
   48 0.3135
   48 0.2314
   48 0.3369
   48 0.3174
   48 0.3135
   48 0.2798
   48 0.3135
   48 0.2926
   48 0.2861
   48 0.2822
   48 0.2979
   48 0.3096
   48 0.3174
   48 0.2485
   48 0.2809
   48 0.2454
   48 0.2485
   48 0.2783
   48 0.2500
   48 0.2900
   48 0.3135
   48 0.3760
   48 0.2812
   48 0.3096
   48 0.3096
   48 0.3291
   48 0.3135
   48 0.3057
   48 0.3135
   48 0.2733
   48 0.2471
   48 0.2705
   48 0.3057
   48 0.2939
   48 0.3188
   48 0.2979
   48 0.2485
   48 0.2336
   42 0.2305
   42 0.2731
   42 0.2493
   42 0.3135
   42 0.2485
   42 0.2861
   42 0.3135
   42 0.2783
   42 0.2354
   42 0.2173
   42 0.3032
   42 0.2822
   42 0.2627
   42 0.2915
   42 0.3213
   42 0.3447
   42 0.2471
   42 0.2627
   42 0.2744
   42 0.3149
   42 0.2180
   42 0.3135
   42 0.2653
   42 0.2954
   42 0.3135
   42 0.2844
   42 0.2783
   42 0.2822
   42 0.3760
   42 0.3032
   42 0.2500
   42 0.2744
   42 0.2187
   42 0.2727
   42 0.2147
   42 0.2549
   42 0.2500
   42 0.2744
   42 0.3018
   42 0.1875
   42 0.2979
   42 0.3447
   42 0.2415
   42 0.2979
   42 0.2954
   42 0.3057
   42 0.2681
   42 0.2783
   42 0.3760
   42 0.2535
   42 0.2861
   42 0.2454
   42 0.2446
   42 0.2666
   42 0.2887
   42 0.2627
   42 0.2822
   42 0.3057
   42 0.2471
   42 0.2954
   42 0.2861
   42 0.2275
   42 0.2485
   42 0.3760
   42 0.2783
   42 0.2471
   42 0.2861
   42 0.2642
   42 0.2485
   42 0.2876
   42 0.2887
   42 0.2500
   42 0.2158
   42 0.2336
   42 0.2837
   42 0.2939
   42 0.3135
   42 0.2783
   42 0.2393
   42 0.2979
   42 0.2184
   42 0.2576
   42 0.2471
   42 0.3135
   42 0.3291
   42 0.2798
   42 0.2471
   42 0.2499
   42 0.2496
   42 0.2471
   42 0.2588
   42 0.2627
   42 0.2329
   42 0.2900
   42 0.3447
   42 0.2900
   42 0.2432
   42 0.2368
   42 0.2979
   42 0.2342
   42 0.2314
   42 0.2744
   42 0.2798
   42 0.2731
   42 0.2861
   42 0.2500
   42 0.2344
   42 0.3447
   42 0.2922
   42 0.2393
   42 0.1797
   42 0.2783
   42 0.2499
   42 0.2783
   42 0.2498
   42 0.2759
   42 0.3135
   42 0.3157
   42 0.2900
   42 0.3057
   42 0.3447
   42 0.2407
   42 0.3018
   42 0.2485
   42 0.2900
   42 0.2485
   42 0.2783
   42 0.2783
   42 0.2848
   42 0.2158
   42 0.2415
   42 0.2915
   42 0.2926
   42 0.2705
   42 0.3157
   42 0.2496
   42 0.2393
   42 0.2496
   42 0.3018
   42 0.2314
   42 0.1875
   42 0.2939
   42 0.3135
   42 0.2432
   42 0.3096
   42 0.2627
   42 0.2939
   42 0.2900
   42 0.2766
   42 0.2301
   42 0.3213
   42 0.3174
   42 0.2939
   42 0.2993
   42 0.2798
   42 0.2109
   42 0.3174
   42 0.2812
   42 0.3447
   42 0.2720
   42 0.2939
   42 0.2393
   42 0.2187
   42 0.2187
   42 0.3174
   42 0.2861
   42 0.2344
   42 0.3018
   42 0.3135
   42 0.1992
   42 0.2744
   42 0.2493
   42 0.2498
   42 0.2798
   42 0.3447
   42 0.2681
   42 0.2900
   42 0.3057
   42 0.3057
   42 0.2493
   42 0.2653
   42 0.2666
   42 0.3135
   42 0.2961
   42 0.2574
   42 0.3057
   42 0.2642
   42 0.2354
   42 0.2939
   42 0.1250
   42 0.2187
   42 0.2485
   42 0.3057
   42 0.3149
   42 0.3188
   42 0.3135
   42 0.2705
   42 0.2759
   42 0.3188
   42 0.2939
