   32 0.3004
   32 0.2666
   32 0.2407
   32 0.3149
   32 0.2571
   32 0.3447
   32 0.3486
   32 0.3135
   32 0.2147
   32 0.2733
   32 0.2496
   32 0.2993
   32 0.2939
   32 0.3110
   32 0.2454
   32 0.2024
   32 0.3135
   32 0.3408
   32 0.2654
   32 0.2705
   32 0.2883
   32 0.2822
   32 0.3135
   32 0.2314
   32 0.2900
   32 0.3760
   32 0.3135
   32 0.3525
   32 0.2954
   32 0.2993
   32 0.2939
   32 0.3760
   32 0.2421
   32 0.2759
   32 0.3228
   32 0.3135
   32 0.2766
   32 0.3760
   32 0.2773
   32 0.2614
   32 0.2822
   32 0.2314
   32 0.2876
   32 0.2415
   32 0.1846
   32 0.2666
   32 0.2485
   32 0.2681
   32 0.2837
   32 0.3018
   32 0.2383
   32 0.2979
   32 0.3799
   32 0.2493
   32 0.2876
   32 0.2979
   32 0.2993
   32 0.3157
   32 0.2145
   32 0.3330
   32 0.2500
   32 0.3135
   32 0.3330
   32 0.2705
   32 0.2422
   32 0.3174
   32 0.2900
   32 0.3188
   32 0.2783
   32 0.2744
   32 0.2993
   32 0.3110
   32 0.2798
   32 0.3174
   32 0.3330
   32 0.2187
   32 0.2485
   32 0.2393
   32 0.1860
   32 0.2383
   32 0.2297
   32 0.2420
   32 0.3096
   32 0.3110
   32 0.2861
   32 0.3384
   32 0.2485
   32 0.2844
   32 0.2187
   32 0.2485
   32 0.2421
   32 0.2759
   32 0.2415
   32 0.2180
   32 0.2304
   32 0.2454
   32 0.2457
   32 0.2415
   32 0.3057
   32 0.2344
   32 0.2798
   32 0.2393
   32 0.2532
   32 0.3213
   32 0.3135
   32 0.2744
   32 0.2461
   32 0.2500
   32 0.3135
   32 0.3213
   32 0.3135
   32 0.3447
   32 0.2900
   32 0.2844
   32 0.2343
   32 0.3252
   32 0.2731
   32 0.2653
   32 0.3079
   32 0.2954
   32 0.2979
   32 0.1875
   32 0.2900
   32 0.2759
   32 0.3760
   32 0.2471
   32 0.3174
   32 0.3369
   32 0.3213
   32 0.2336
   32 0.2471
   32 0.2432
   32 0.2681
   32 0.2454
   32 0.1874
   32 0.2415
   32 0.3604
   32 0.3096
   32 0.2798
   32 0.2471
   32 0.1846
   32 0.2965
   32 0.2681
   32 0.2812
   32 0.2266
   32 0.3135
   32 0.2731
   32 0.2939
   32 0.3135
   32 0.2954
   32 0.2446
   32 0.2537
   32 0.2656
   32 0.2642
   32 0.2733
   32 0.2889
   32 0.2420
   32 0.2500
   32 0.3252
   32 0.3096
   32 0.2783
   32 0.3071
   32 0.2471
   32 0.2471
   32 0.3018
   32 0.3760
   32 0.2837
   32 0.2627
   32 0.3149
   32 0.2915
   32 0.2393
   32 0.2695
   32 0.2500
   32 0.3032
   32 0.3384
   32 0.3057
   32 0.3135
   32 0.2314
   32 0.2642
   32 0.3057
   32 0.3213
   32 0.2900
   32 0.2783
   32 0.3032
   32 0.3760
   32 0.2720
   32 0.3213
   32 0.2420
   32 0.2329
   32 0.3135
   32 0.1846
   32 0.3525
   32 0.3085
   32 0.2900
   32 0.3213
   32 0.1875
   32 0.3018
   32 0.3486
   32 0.2314
   32 0.2588
   32 0.2890
   32 0.2979
   32 0.2766
   32 0.2642
   32 0.2471
   32 0.2783
   32 0.3306
   32 0.3135
   32 0.2654
   32 0.2499
   32 0.2446
   32 0.2588
   32 0.2770
   32 0.2642
   32 0.1797
   32 0.2759
   32 0.2915
   32 0.2693
   32 0.3057
   32 0.2499
   32 0.2733
   32 0.2109
   32 0.3760
   32 0.3160
   32 0.2415
   32 0.2603
   32 0.2499
   32 0.2772
   32 0.2798
   32 0.2471
   32 0.2861
   32 0.3123
   32 0.2158
   32 0.3760
   32 0.3213
   32 0.2471
   32 0.3174
   32 0.1875
   32 0.2457
   32 0.3760
   32 0.3291
   32 0.3174
   32 0.2939
   32 0.1875
   32 0.2915
   32 0.2457
   32 0.3118
   32 0.2666
   32 0.3110
   32 0.2900
   32 0.3252
   32 0.3135
   32 0.2929
   32 0.3291
   32 0.2588
   32 0.2187
   32 0.2772
   32 0.2759
   32 0.3291
   32 0.2979
   32 0.2939
   32 0.2720
   32 0.1874
   32 0.3135
   32 0.2809
   32 0.2883
   32 0.2851
   32 0.2883
   32 0.2805
   32 0.3760
   32 0.2993
   32 0.2119
   32 0.2493
   32 0.3564
   32 0.2485
   32 0.2961
   32 0.2993
   32 0.2915
   32 0.2432
   32 0.3057
   32 0.2666
   32 0.1836
   32 0.3447
   32 0.2329
   32 0.2759
   32 0.2603
   32 0.3018
   32 0.2744
   32 0.2303
   32 0.2979
   32 0.2446
   32 0.2642
   32 0.2499
   32 0.2617
   32 0.2498
   32 0.2485
   32 0.2499
   32 0.3018
   32 0.1874
   32 0.1250
   32 0.2432
   32 0.3774
   32 0.3057
   32 0.3149
   32 0.2783
   32 0.2407
   32 0.2485
   32 0.3213
   32 0.2493
   32 0.2496
   32 0.3345
   32 0.2336
   32 0.2329
   32 0.2180
   32 0.2454
   32 0.2837
   32 0.1875
   32 0.2961
   32 0.2979
   32 0.3760
   32 0.2695
   32 0.2314
   32 0.2900
   32 0.2265
   32 0.3213
   32 0.2173
   32 0.2383
   32 0.3135
   32 0.2106
   32 0.2418
   32 0.2939
   32 0.2961
   32 0.3018
   32 0.2336
   32 0.2822
   32 0.2493
   32 0.3447
   32 0.2744
   32 0.3057
   32 0.2805
   32 0.3369
   32 0.2993
   32 0.2616
   32 0.2783
   32 0.2627
   32 0.2861
   32 0.2720
   32 0.2844
   32 0.2500
   32 0.3135
   32 0.2939
   32 0.3110
   32 0.2627
   32 0.3018
   32 0.2851
   32 0.2549
   32 0.2549
   32 0.2979
   32 0.2861
   32 0.2705
   32 0.2500
   32 0.3213
   32 0.3135
   32 0.2809
   32 0.2576
   32 0.2766
   32 0.3525
   32 0.2457
   32 0.2030
   32 0.2627
   32 0.2563
   32 0.3291
   32 0.3213
   32 0.2993
   32 0.2731
   32 0.3760
   32 0.1797
   32 0.2915
   32 0.3149
   32 0.3057
   32 0.3447
   32 0.2496
   32 0.2627
   32 0.3071
   32 0.3071
   32 0.3071
   32 0.2993
   32 0.3486
   32 0.2876
   32 0.2900
   32 0.2759
   32 0.3486
   32 0.1874
   32 0.2382
   32 0.2610
   32 0.2471
   32 0.2420
   32 0.2783
   32 0.2922
   32 0.2642
   32 0.2900
   32 0.2314
   32 0.2578
   32 0.2393
   32 0.3447
   32 0.3157
   32 0.2822
   32 0.3018
   32 0.1875
   32 0.3760
   32 0.1846
   32 0.2471
   32 0.2695
   32 0.2382
   32 0.2375
   32 0.2837
   32 0.3408
   32 0.2329
   32 0.2493
   32 0.2844
   32 0.3174
   32 0.3032
   32 0.2588
   32 0.3252
   32 0.2460
   32 0.3760
   32 0.2822
   32 0.3760
   32 0.2861
   32 0.3135
   32 0.3213
   32 0.2642
   32 0.3447
   32 0.2496
   32 0.2496
   32 0.2720
   32 0.1846
   32 0.3760
   32 0.3447
   32 0.3135
   32 0.2236
   32 0.3317
   32 0.2603
   32 0.2354
   32 0.2979
   32 0.2493
   32 0.3760
   32 0.2627
   32 0.2733
   32 0.2681
   32 0.2666
   32 0.2500
   32 0.3278
   32 0.2649
   32 0.1790
   32 0.2375
   32 0.3096
   32 0.2883
   32 0.3071
   32 0.3149
   32 0.3160
   32 0.2915
   32 0.3760
   32 0.3018
   32 0.2783
   32 0.3916
   32 0.2979
   32 0.3252
   32 0.2744
   32 0.2844
   32 0.1875
   32 0.2446
   32 0.2805
   32 0.3174
   32 0.2496
   32 0.2457
   32 0.2861
   32 0.1875
   32 0.2727
   32 0.2979
   32 0.3057
   32 0.2236
   32 0.2805
   32 0.2499
   32 0.2496
   32 0.2173
   32 0.2744
   32 0.3330
   32 0.2446
   32 0.2588
   32 0.3291
   32 0.2876
   32 0.2744
   32 0.3235
   32 0.3228
   32 0.3160
   32 0.3188
   32 0.2496
   32 0.2727
   32 0.2340
