   32 0.5934
   32 0.6282
   32 0.5469
   32 0.6455
   32 0.6572
   32 0.6338
   32 0.5508
   32 0.6533
   32 0.6104
   32 0.5311
   32 0.6416
   32 0.4922
   32 0.6299
   32 0.7510
   32 0.6299
   32 0.5986
   32 0.4844
   32 0.6416
   32 0.6143
   32 0.6182
   32 0.6274
   32 0.6299
   32 0.5830
   32 0.5908
   32 0.5439
   32 0.6260
   32 0.6079
   32 0.6416
   32 0.6455
   32 0.6221
   32 0.6118
   32 0.6196
   32 0.6282
   32 0.6885
   32 0.6015
   32 0.7197
   32 0.6001
   32 0.5869
   32 0.5908
   32 0.5830
   32 0.5688
   32 0.5623
   32 0.5986
   32 0.6321
   32 0.6143
   32 0.5986
   32 0.5000
   32 0.4971
   32 0.4961
   32 0.6274
   32 0.6204
   32 0.6483
   32 0.6118
   32 0.6040
   32 0.6338
   32 0.6338
   32 0.5625
   32 0.4836
   32 0.6260
   32 0.6338
   32 0.6431
   32 0.6299
   32 0.6196
   32 0.4999
   32 0.6282
   32 0.4996
   32 0.6064
   32 0.6064
   32 0.5000
   32 0.6025
   32 0.6572
   32 0.6533
   32 0.6064
   32 0.6001
   32 0.6494
   32 0.5884
   32 0.5674
   32 0.6377
   32 0.6313
   32 0.6313
   32 0.6157
   32 0.6204
   32 0.6285
   32 0.6047
   32 0.5830
   32 0.6274
   32 0.6885
   32 0.6299
   32 0.5000
   32 0.6165
   32 0.6260
   32 0.6885
   32 0.5461
   32 0.5623
   32 0.6963
   32 0.5618
   32 0.5908
   32 0.6196
   32 0.6274
   32 0.6282
   32 0.4985
   32 0.6594
   32 0.5454
   32 0.5845
   32 0.6260
   32 0.6025
   32 0.6079
   32 0.6572
   32 0.6053
   32 0.6885
   32 0.6431
   32 0.5000
   32 0.5000
   32 0.6001
   32 0.6288
   32 0.5571
   32 0.6274
   32 0.6079
   32 0.6313
   32 0.4961
   32 0.5625
   32 0.6118
   32 0.6285
   32 0.5703
   32 0.5000
   32 0.6494
   32 0.5439
   32 0.6416
   32 0.5923
   32 0.5934
   32 0.6572
   32 0.7197
   32 0.6143
   32 0.5000
   32 0.6104
   32 0.6416
   32 0.5752
   32 0.6729
   32 0.4687
   32 0.6047
   32 0.6885
   32 0.6143
   32 0.5930
   32 0.6392
   32 0.5585
   32 0.5752
   32 0.5969
   32 0.6416
   32 0.5621
   32 0.6064
   32 0.6416
   32 0.6157
   32 0.5623
   32 0.6047
   32 0.6455
   32 0.5696
   32 0.6001
   32 0.5504
   32 0.6118
   32 0.6392
   32 0.6086
   32 0.6533
   32 0.6282
   32 0.5898
   32 0.6611
   32 0.6143
   32 0.5000
   32 0.6157
   32 0.5897
   32 0.6572
   32 0.4920
   32 0.6064
   32 0.6509
   32 0.6008
   32 0.5891
   32 0.5000
   32 0.6090
   32 0.4961
   32 0.6470
   32 0.5465
   32 0.6572
   32 0.4883
   32 0.6885
   32 0.6924
   32 0.5937
   32 0.5752
   32 0.6015
   32 0.5699
   32 0.6274
   32 0.6047
   32 0.5701
   32 0.5000
   32 0.6533
   32 0.5298
   32 0.6260
   32 0.4993
   32 0.6594
   32 0.6377
   32 0.4922
   32 0.5752
   32 0.4375
   32 0.6885
   32 0.5735
   32 0.5532
   32 0.5547
   32 0.6729
   32 0.6416
   32 0.6455
   32 0.5908
   32 0.4961
   32 0.6455
   32 0.5624
   32 0.5947
   32 0.6885
   32 0.6260
   32 0.6572
   32 0.5806
   32 0.6274
   32 0.6025
   32 0.6025
   32 0.5930
   32 0.6025
   32 0.4961
   32 0.5000
   32 0.6299
   32 0.6064
   32 0.5742
   32 0.6416
   32 0.4971
   32 0.6260
   32 0.5923
   32 0.5852
   32 0.3750
   32 0.6064
   32 0.5791
   32 0.6338
   32 0.6182
   32 0.6672
   32 0.6353
   32 0.5557
   32 0.6353
   32 0.6338
   32 0.5934
   32 0.6494
   32 0.6611
   32 0.6885
   32 0.5454
   32 0.4946
   32 0.5791
   32 0.5986
   32 0.6416
   32 0.6008
   32 0.6182
   32 0.6885
   32 0.6260
   32 0.5728
   32 0.4959
   32 0.6338
   32 0.5618
   32 0.6338
   32 0.6157
   32 0.6299
   32 0.6104
   32 0.5518
   32 0.6125
   32 0.4985
   32 0.5923
   32 0.6416
   32 0.6260
   32 0.6182
   32 0.6431
   32 0.6338
   32 0.5571
   32 0.5884
   32 0.6260
   32 0.4998
   32 0.6438
   32 0.6416
   32 0.5610
   32 0.4971
   32 0.5742
   32 0.6001
   32 0.6377
   32 0.5543
   32 0.6431
   32 0.6260
   32 0.6313
   32 0.5547
   32 0.6416
   32 0.5869
   32 0.6260
   32 0.6572
   32 0.6416
   32 0.6260
   32 0.4998
   32 0.6051
   32 0.6064
   32 0.6924
   32 0.6299
   32 0.5571
   32 0.6104
   32 0.6416
   32 0.5000
   32 0.6015
   32 0.6626
   32 0.6260
   32 0.5973
   32 0.6338
   32 0.6274
   32 0.5908
   32 0.5557
   32 0.6587
   32 0.6377
   32 0.5283
   32 0.5540
   32 0.5596
   32 0.6079
   32 0.6885
   32 0.6104
   32 0.6260
   32 0.6260
   32 0.6299
   32 0.5962
   32 0.6338
   32 0.5532
   32 0.5986
   32 0.5830
   32 0.5852
   32 0.6064
   32 0.5923
   32 0.6633
   32 0.6470
   32 0.5908
   32 0.4998
   32 0.5752
   32 0.5934
   32 0.6416
   32 0.6143
   32 0.5493
   32 0.5618
   32 0.6001
   32 0.6260
   32 0.5000
   32 0.6104
   32 0.6572
   32 0.5518
   32 0.5780
   32 0.5610
   32 0.5376
   32 0.6165
   32 0.6611
   32 0.6520
   32 0.6079
   32 0.6204
   32 0.5908
   32 0.5713
   32 0.6104
   32 0.6885
   32 0.5986
   32 0.6665
   32 0.6338
   32 0.5986
   32 0.5305
   32 0.6282
   32 0.5596
   32 0.4687
   32 0.5596
   32 0.6221
   32 0.4993
   32 0.6416
   32 0.4844
   32 0.6572
   32 0.6572
   32 0.6143
   32 0.6338
   32 0.6008
   32 0.6885
   32 0.6235
   32 0.5582
   32 0.6572
   32 0.6129
   32 0.4996
   32 0.4921
   32 0.7510
   32 0.6377
   32 0.5244
   32 0.4836
   32 0.5858
   32 0.5923
   32 0.6416
   32 0.6125
   32 0.6025
   32 0.6899
   32 0.6182
   32 0.6260
   32 0.5852
   32 0.5596
   32 0.6104
   32 0.6143
   32 0.7197
   32 0.6455
   32 0.6533
   32 0.6246
   32 0.6338
   32 0.6125
   32 0.6572
   32 0.6572
   32 0.5752
   32 0.6353
   32 0.6729
   32 0.5429
   32 0.6377
   32 0.6572
   32 0.6594
   32 0.5283
   32 0.5845
   32 0.6143
   32 0.6260
   32 0.4961
   32 0.6399
   32 0.5898
   32 0.4996
   32 0.6364
   32 0.6572
   32 0.6899
   32 0.6729
   32 0.6587
   32 0.6274
   32 0.6118
   32 0.6885
   32 0.6650
   32 0.6899
   32 0.5923
   32 0.5779
   32 0.3750
   32 0.5579
   32 0.5845
   32 0.5545
   32 0.6025
   32 0.6572
   32 0.6416
   32 0.5735
   32 0.6533
   32 0.6260
   32 0.5908
   32 0.5820
   32 0.5000
   32 0.6118
   32 0.5728
   32 0.6143
   32 0.5610
   32 0.5884
   32 0.4687
   32 0.5309
   32 0.6377
   32 0.6285
   32 0.6064
   32 0.5571
   32 0.5752
   32 0.6025
   32 0.6313
   32 0.6729
   32 0.5596
   32 0.6129
   32 0.5625
   32 0.6001
   32 0.6587
   32 0.5469
   32 0.6431
   32 0.5156
   32 0.5000
   32 0.5557
   32 0.6204
   32 0.6572
   32 0.5571
   32 0.5610
   32 0.5781
   32 0.6260
   32 0.5618
   32 0.6260
   32 0.6360
   32 0.6392
   32 0.6431
   32 0.5923
   32 0.6025
   32 0.5897
   32 0.6416
   32 0.6377
   32 0.6285
   32 0.6143
   32 0.6338
   32 0.6093
   32 0.6204
   32 0.5610
   32 0.6392
   32 0.5540
   32 0.6221
   32 0.7510
   32 0.6064
   32 0.6064
   42 0.6104
   42 0.6416
   42 0.5283
   42 0.5430
   42 0.5923
   42 0.6260
   42 0.6221
   42 0.5618
   42 0.6285
   42 0.5752
   42 0.6025
   42 0.5153
   42 0.5986
   42 0.6207
   42 0.5415
   42 0.6650
   42 0.5000
   42 0.6064
   42 0.5582
   42 0.6494
   42 0.6338
   42 0.5986
   42 0.5986
   42 0.6299
   42 0.6104
   42 0.5000
   42 0.6260
   42 0.5000
   42 0.5623
   42 0.5830
   42 0.6885
   42 0.5674
   42 0.6235
   42 0.6438
   42 0.5930
   42 0.6377
   42 0.6260
   42 0.5947
   42 0.5962
   42 0.5266
   42 0.6392
   42 0.6338
   42 0.6299
   42 0.6416
   42 0.5000
   42 0.6299
   42 0.5830
   42 0.5610
   42 0.6729
   42 0.6104
   42 0.6689
   42 0.6729
   42 0.5845
   42 0.6143
   42 0.6157
   42 0.5390
   42 0.5000
   42 0.5923
   42 0.6416
   42 0.5728
   42 0.5813
   42 0.6377
   42 0.6885
   42 0.6572
   42 0.6572
   42 0.6399
   42 0.6260
   42 0.6885
   42 0.6321
   42 0.6157
   42 0.5618
   42 0.5674
   42 0.5852
   42 0.6416
   42 0.6885
   42 0.6729
   42 0.5625
   42 0.5845
   42 0.6025
   42 0.6338
   42 0.6470
   42 0.5923
   42 0.5624
   42 0.6885
   42 0.6313
   42 0.6064
   42 0.4971
   42 0.6353
   42 0.5596
   42 0.5465
   42 0.6260
   42 0.5596
   42 0.5391
   42 0.6260
   42 0.5000
   42 0.6326
   42 0.6438
   42 0.6064
   42 0.6143
   42 0.6313
   42 0.4998
   42 0.5649
   42 0.5778
   42 0.6324
   42 0.6392
   42 0.5674
   42 0.6455
   42 0.6235
   42 0.6143
   42 0.5869
   42 0.6299
   42 0.6285
   42 0.6196
   42 0.5908
   42 0.6260
   42 0.5845
   42 0.6260
   42 0.5618
   42 0.4961
   42 0.6094
   42 0.6182
   42 0.6572
   42 0.6221
   42 0.6494
   42 0.4879
   42 0.5540
   42 0.6274
   42 0.5969
   42 0.6494
   42 0.5610
   42 0.6338
   42 0.5000
   42 0.6299
   42 0.6299
   42 0.6243
   42 0.6416
   42 0.6572
   42 0.5781
   42 0.5856
   42 0.5000
   42 0.6260
   42 0.6377
   42 0.5869
   42 0.6260
   42 0.6313
   42 0.6235
   42 0.7510
   42 0.5621
   42 0.6885
   42 0.6025
   42 0.5699
   42 0.6012
   42 0.6885
   42 0.6431
   42 0.5000
   42 0.6509
   42 0.5571
   42 0.6260
   42 0.5000
   42 0.5986
   42 0.6455
   42 0.6143
   42 0.6260
   42 0.6274
   42 0.6051
   42 0.6221
   42 0.5908
   42 0.6299
   42 0.6455
   42 0.6064
   42 0.6885
   42 0.6377
   42 0.5830
   42 0.5908
   42 0.6416
   42 0.6587
   42 0.6118
   42 0.5298
   42 0.6118
   42 0.6299
   42 0.6168
   42 0.6885
   42 0.6633
   42 0.4993
   42 0.6444
   42 0.5625
   42 0.6274
   42 0.6431
   42 0.5908
   42 0.6182
   42 0.5923
   42 0.6353
   42 0.6299
   42 0.6299
   42 0.4996
   42 0.6338
   42 0.6221
   42 0.6377
   42 0.6377
   42 0.5625
   42 0.5504
   42 0.6274
   42 0.4971
   42 0.6416
   42 0.6885
   42 0.6260
   42 0.5557
   42 0.5908
   42 0.5923
   42 0.5930
   42 0.6572
   42 0.5869
   42 0.5461
   42 0.6182
   42 0.6338
   42 0.5923
   42 0.6196
   42 0.5532
   42 0.6064
   42 0.6416
   42 0.6165
   42 0.6353
   42 0.6313
   42 0.5674
   42 0.6260
   42 0.5624
   42 0.5986
   42 0.6572
   42 0.5000
   42 0.5986
   42 0.5713
   42 0.6243
   42 0.6416
   42 0.6125
   42 0.6165
   42 0.6008
   42 0.5000
   42 0.6204
   42 0.6572
   42 0.6118
   42 0.6143
   42 0.6416
   42 0.5820
   42 0.5504
   42 0.6025
   42 0.5610
   42 0.6431
   42 0.4961
   42 0.6611
   42 0.5312
   42 0.5752
   42 0.6416
   42 0.5469
   42 0.6665
   42 0.5908
   42 0.5618
   42 0.5908
   42 0.5767
   42 0.6047
   42 0.6260
   42 0.5596
   42 0.6392
   42 0.6324
   42 0.5752
   42 0.5891
   42 0.5699
   42 0.5778
   42 0.5428
   42 0.6572
   42 0.6572
   42 0.6885
   42 0.6104
   42 0.5571
   42 0.6104
   42 0.5582
   42 0.6090
   42 0.6689
   42 0.6260
   42 0.5547
   42 0.5610
   42 0.6274
   42 0.6572
   42 0.6157
   42 0.6353
   42 0.6064
   42 0.5908
   42 0.5884
   42 0.6885
   42 0.6143
   42 0.7510
   42 0.5869
   42 0.6104
   42 0.6509
   42 0.6416
   42 0.6299
   42 0.5546
   42 0.6572
   42 0.4375
   42 0.4844
   42 0.5986
   42 0.6611
   42 0.6086
   42 0.5618
   42 0.5752
   42 0.5969
   42 0.6016
   42 0.6143
   42 0.6313
   42 0.6650
   42 0.6729
   42 0.5596
   42 0.5624
   42 0.5540
   42 0.6650
   42 0.6416
   42 0.6353
   42 0.6455
   42 0.5740
   42 0.5500
   42 0.5439
   42 0.5312
   42 0.6086
   42 0.6104
   42 0.5923
   42 0.6064
   42 0.6064
   42 0.6594
   42 0.5000
   42 0.6040
   42 0.6572
   42 0.6008
   42 0.6093
   42 0.4971
   42 0.5986
   42 0.5791
   42 0.6143
   42 0.6338
   42 0.4893
   42 0.5532
   42 0.5000
   42 0.6299
   42 0.5000
   42 0.6079
   42 0.6416
   42 0.6260
   42 0.4922
   42 0.6353
   42 0.4993
   42 0.5586
   42 0.5596
   42 0.6924
   42 0.6040
   42 0.5891
   42 0.6313
   42 0.6885
   42 0.6221
   42 0.5625
   42 0.5625
   42 0.5468
   42 0.5624
   42 0.6243
   42 0.6416
   42 0.6885
   42 0.6416
   42 0.5674
   42 0.6572
   42 0.5852
   42 0.6260
   42 0.5543
   42 0.6064
   42 0.5298
   42 0.6572
   42 0.5752
   42 0.6182
   42 0.6313
   42 0.4961
   42 0.5869
   42 0.5234
   42 0.6012
   42 0.6516
   42 0.6572
   42 0.5930
   42 0.5884
   42 0.5934
   42 0.6321
   42 0.6299
   42 0.5986
   42 0.6260
   42 0.6299
   42 0.6274
   42 0.6611
   42 0.6282
   42 0.5856
   42 0.6285
   42 0.6221
   42 0.5767
   42 0.6885
   42 0.6338
   42 0.5703
   42 0.6416
   42 0.5703
   42 0.6129
   42 0.5618
   42 0.6299
   42 0.6416
   42 0.6392
   42 0.5869
   42 0.5507
   42 0.6282
   42 0.5930
   42 0.6392
   42 0.6274
   42 0.5817
   42 0.6104
   42 0.5936
   42 0.5610
   42 0.6299
   42 0.5973
   42 0.6963
   42 0.6494
   42 0.5557
   42 0.6260
   42 0.6260
   42 0.6455
   42 0.6182
   42 0.6282
   42 0.5934
   42 0.5780
   42 0.6377
   42 0.4368
   42 0.6353
   42 0.5000
   42 0.4985
   42 0.5469
   42 0.5884
   42 0.5830
   42 0.5830
   42 0.5557
   42 0.5923
   42 0.6299
   42 0.6299
   42 0.6768
   42 0.6260
   42 0.6250
   42 0.5469
   42 0.4993
   42 0.5000
   42 0.5936
   42 0.5312
   42 0.6404
   42 0.6416
   42 0.6064
   42 0.6494
   42 0.5947
   42 0.6338
   42 0.5937
   42 0.6118
   42 0.6104
   42 0.6299
   42 0.6143
   42 0.6633
   42 0.6064
   42 0.5660
   42 0.6143
   42 0.6885
   42 0.6260
   42 0.6104
   42 0.6594
   42 0.6365
   42 0.6143
   42 0.4998
   42 0.6572
   42 0.6885
   42 0.6260
   42 0.6260
   42 0.6416
   42 0.5000
   42 0.5696
   42 0.6025
   42 0.6665
   42 0.4844
   42 0.6572
   42 0.6299
   42 0.6260
   42 0.5467
   42 0.5781
   42 0.5830
   42 0.5610
   42 0.6118
   42 0.5348
   42 0.5149
   42 0.6125
   42 0.6064
   42 0.5000
   42 0.6104
   42 0.6243
   42 0.5752
   42 0.6118
   42 0.5000
   42 0.6025
   48 0.6364
   48 0.6431
   48 0.6533
   48 0.6509
   48 0.6064
   48 0.6665
   48 0.6143
   48 0.4996
   48 0.5596
   48 0.6313
   48 0.6611
   48 0.5000
   48 0.5739
   48 0.5625
   48 0.6377
   48 0.6885
   48 0.5625
   48 0.6260
   48 0.6118
   48 0.5908
   48 0.6093
   48 0.4946
   48 0.5000
   48 0.5986
   48 0.6572
   48 0.6104
   48 0.6260
   48 0.6416
   48 0.6064
   48 0.6182
   48 0.6416
   48 0.5908
   48 0.6885
   48 0.5273
   48 0.6260
   48 0.5780
   48 0.6012
   48 0.6572
   48 0.6125
   48 0.5507
   48 0.6338
   48 0.5625
   48 0.5767
   48 0.5898
   48 0.6377
   48 0.5969
   48 0.6587
   48 0.5791
   48 0.5000
   48 0.5908
   48 0.5624
   48 0.6377
   48 0.6455
   48 0.5752
   48 0.6235
   48 0.6299
   48 0.6572
   48 0.5908
   48 0.6025
   48 0.6274
   48 0.6246
   48 0.6260
   48 0.6885
   48 0.6079
   48 0.6572
   48 0.6313
   48 0.5702
   48 0.5312
   48 0.5830
   48 0.6377
   48 0.6079
   48 0.5813
   48 0.6143
   48 0.5312
   48 0.6416
   48 0.5830
   48 0.6299
   48 0.5934
   48 0.5908
   48 0.6249
   48 0.6260
   48 0.5610
   48 0.6416
   48 0.5000
   48 0.6399
   48 0.6064
   48 0.5479
   48 0.6611
   48 0.5898
   48 0.6572
   48 0.6392
   48 0.5298
   48 0.5908
   48 0.5947
   48 0.6260
   48 0.5625
   48 0.5845
   48 0.5586
   48 0.6572
   48 0.6313
   48 0.6260
   48 0.6001
   48 0.6285
   48 0.5156
   48 0.6260
   48 0.6274
   48 0.5869
   48 0.6260
   48 0.6377
   48 0.6104
   48 0.5469
   48 0.6377
   48 0.6051
   48 0.6587
   48 0.5312
   48 0.6260
   48 0.6040
   48 0.5923
   48 0.5830
   48 0.6885
   48 0.5518
   48 0.5000
   48 0.6572
   48 0.6221
   48 0.6012
   48 0.6392
   48 0.5830
   48 0.6125
   48 0.5869
   48 0.6243
   48 0.5852
   48 0.6025
   48 0.6040
   48 0.5908
   48 0.6353
   48 0.5869
   48 0.6260
   48 0.5557
   48 0.6338
   48 0.5674
   48 0.6221
   48 0.4971
   48 0.6885
   48 0.5000
   48 0.5618
   48 0.6572
   48 0.6064
   48 0.6377
   48 0.5969
   48 0.6260
   48 0.5923
   48 0.5621
   48 0.5830
   48 0.5819
   48 0.6360
   48 0.6885
   48 0.6260
   48 0.5728
   48 0.5930
   48 0.6260
   48 0.6416
   48 0.6260
   48 0.6455
   48 0.6196
   48 0.6572
   48 0.5884
   48 0.6274
   48 0.5625
   48 0.6040
   48 0.5908
   48 0.6338
   48 0.5586
   48 0.5000
   48 0.4993
   48 0.6494
   48 0.5586
   48 0.5976
   48 0.5908
   48 0.6001
   48 0.6377
   48 0.6221
   48 0.6416
   48 0.5897
   48 0.5937
   48 0.6611
   48 0.5908
   48 0.6572
   48 0.4999
   48 0.6416
   48 0.6260
   48 0.6274
   48 0.5859
   48 0.6885
   48 0.5000
   48 0.5465
   48 0.6165
   48 0.5923
   48 0.6235
   48 0.6416
   48 0.6118
   48 0.5923
   48 0.5908
   48 0.5856
   48 0.4687
   48 0.5273
   48 0.6338
   48 0.6299
   48 0.6118
   48 0.5312
   48 0.6299
   48 0.7510
   48 0.6260
   48 0.5739
   48 0.6282
   48 0.5973
   48 0.6587
   48 0.5540
   48 0.6182
   48 0.6104
   48 0.6299
   48 0.5908
   48 0.6611
   48 0.6360
   48 0.4985
   48 0.6338
   48 0.6243
   48 0.6040
   48 0.6377
   48 0.5234
   48 0.5701
   48 0.5962
   48 0.5806
   48 0.6587
   48 0.6051
   48 0.5571
   48 0.5596
   48 0.6143
   48 0.5546
   48 0.5908
   48 0.5923
   48 0.6064
   48 0.5986
   48 0.5312
   48 0.6274
   48 0.4998
   48 0.6274
   48 0.6170
   48 0.6008
   48 0.6064
   48 0.6182
   48 0.6090
   48 0.5000
   48 0.5635
   48 0.5507
   48 0.4996
   48 0.6313
   48 0.6260
   48 0.5923
   48 0.6260
   48 0.6001
   48 0.5618
   48 0.5908
   48 0.6064
   48 0.6313
   48 0.5000
   48 0.6299
   48 0.5518
   48 0.5778
   48 0.6274
   48 0.6587
   48 0.5852
   48 0.5465
   48 0.6165
   48 0.5625
   48 0.6260
   48 0.6079
   48 0.5869
   48 0.6143
   48 0.6025
   48 0.7041
   48 0.6572
   48 0.5752
   48 0.6165
   48 0.6885
   48 0.6125
   48 0.5923
   48 0.5884
   48 0.6260
   48 0.5891
   48 0.5908
   48 0.6509
   48 0.5947
   48 0.5500
   48 0.6572
   48 0.4993
   48 0.5947
   48 0.5986
   48 0.6157
   48 0.6182
   48 0.6520
   48 0.5351
   48 0.5969
   48 0.6064
   48 0.6572
   48 0.5557
   48 0.6885
   48 0.6104
   48 0.6313
   48 0.5543
   48 0.5830
   48 0.5674
   48 0.6377
   48 0.4999
   48 0.5000
   48 0.6299
   48 0.6353
   48 0.4922
   48 0.5856
   48 0.6455
   48 0.5891
   48 0.6104
   48 0.5508
   48 0.6594
   48 0.5205
   48 0.6157
   48 0.6274
   48 0.6338
   48 0.6572
   48 0.6282
   48 0.6104
   48 0.6260
   48 0.5923
   48 0.6274
   48 0.6182
   48 0.5557
   48 0.5884
   48 0.6729
   48 0.6299
   48 0.6572
   48 0.6008
   48 0.6416
   48 0.6182
   48 0.6079
   48 0.6299
   48 0.6377
   48 0.5428
   48 0.6182
   48 0.5649
   48 0.5767
   48 0.6711
   48 0.6611
   48 0.5543
   48 0.5266
   48 0.6533
   48 0.4971
   48 0.5845
   48 0.6015
   48 0.5820
   48 0.6221
   48 0.5618
   48 0.6207
   48 0.6079
   48 0.6299
   48 0.5547
   48 0.6125
   48 0.5830
   48 0.6377
   48 0.6611
   48 0.6360
   48 0.5830
   48 0.5791
   48 0.6274
   48 0.5713
   48 0.6509
   48 0.6274
   48 0.6455
   48 0.6079
   48 0.5962
   48 0.5752
   48 0.5391
   48 0.5908
   48 0.6885
   48 0.6079
   48 0.6885
   48 0.6260
   48 0.5806
   48 0.5000
   48 0.6157
   48 0.6633
   48 0.5735
   48 0.6494
   48 0.4996
   48 0.5657
   48 0.6353
   48 0.6299
   48 0.5506
   48 0.4999
   48 0.6285
   48 0.5649
   48 0.5422
   48 0.4996
   48 0.6299
   48 0.5869
   48 0.6572
   48 0.6274
   48 0.6885
   48 0.5813
   48 0.5728
   48 0.5895
   48 0.6143
   48 0.6416
   48 0.4998
   48 0.4844
   48 0.6431
   48 0.5986
   48 0.5947
   48 0.4922
   48 0.6104
   48 0.6572
   48 0.5937
   48 0.5540
   48 0.6196
   48 0.5986
   48 0.6338
   48 0.4998
   48 0.6104
   48 0.6196
   48 0.5817
   48 0.6353
   48 0.6338
   48 0.6221
   48 0.5244
   48 0.5767
   48 0.6014
   48 0.5884
   48 0.6260
   48 0.5557
   48 0.6572
   48 0.6064
   48 0.6338
   48 0.6260
   48 0.6260
   48 0.5270
   48 0.5000
   48 0.6494
   48 0.6040
   48 0.6392
   48 0.5621
   48 0.4993
   48 0.6353
   48 0.6572
   48 0.6118
   48 0.6442
   48 0.6282
   48 0.6494
   48 0.5923
   48 0.6572
   48 0.5774
   48 0.5547
   48 0.5610
   48 0.4998
   48 0.5625
   48 0.6611
   48 0.6104
   48 0.5439
   48 0.6689
   48 0.5596
   48 0.6064
   48 0.6086
   48 0.6104
   48 0.5969
   48 0.6282
   48 0.5986
   48 0.5791
   48 0.6221
   48 0.6338
   48 0.5625
   48 0.6260
   48 0.6416
   48 0.5586
   48 0.6260
   48 0.6572
   48 0.5621
   48 0.5540
   48 0.6313
   48 0.6299
   48 0.5774
   48 0.6221
   48 0.6235
   48 0.5618
   48 0.5557
   48 0.6104
   48 0.5703
   48 0.6416
   48 0.5740
   48 0.6182
   48 0.5461
   48 0.5891
   48 0.6221
   48 0.6260
   64 0.6494
   64 0.5791
   64 0.5596
   64 0.6338
   64 0.6079
   64 0.6633
   64 0.6299
   64 0.5962
   64 0.6282
   64 0.6338
   64 0.6118
   64 0.6353
   64 0.6338
   64 0.6438
   64 0.5767
   64 0.6221
   64 0.6477
   64 0.6143
   64 0.5000
   64 0.6377
   64 0.6377
   64 0.5986
   64 0.5585
   64 0.6438
   64 0.6260
   64 0.5930
   64 0.6470
   64 0.6125
   64 0.6054
   64 0.5674
   64 0.5674
   64 0.6260
   64 0.5884
   64 0.6626
   64 0.6260
   64 0.6260
   64 0.6260
   64 0.5923
   64 0.5623
   64 0.5000
   64 0.6299
   64 0.6455
   64 0.6885
   64 0.5845
   64 0.6260
   64 0.6431
   64 0.5195
   64 0.6416
   64 0.5774
   64 0.6572
   64 0.4922
   64 0.6260
   64 0.5624
   64 0.6360
   64 0.4996
   64 0.6274
   64 0.6494
   64 0.5908
   64 0.6455
   64 0.5869
   64 0.6768
   64 0.6885
   64 0.5778
   64 0.6235
   64 0.6274
   64 0.5869
   64 0.6572
   64 0.6182
   64 0.6729
   64 0.6143
   64 0.5623
   64 0.6282
   64 0.6143
   64 0.5934
   64 0.5596
   64 0.5618
   64 0.6299
   64 0.6338
   64 0.6494
   64 0.6611
   64 0.6587
   64 0.6650
   64 0.6572
   64 0.5545
   64 0.6899
   64 0.6182
   64 0.5858
   64 0.6104
   64 0.6364
   64 0.6743
   64 0.6431
   64 0.6064
   64 0.6196
   64 0.6587
   64 0.6118
   64 0.6438
   64 0.6807
   64 0.6260
   64 0.6221
   64 0.6025
   64 0.5728
   64 0.6392
   64 0.6079
   64 0.6494
   64 0.5923
   64 0.5986
   64 0.6431
   64 0.6431
   64 0.6416
   64 0.5624
   64 0.6299
   64 0.6313
   64 0.5596
   64 0.6611
   64 0.5830
   64 0.6885
   64 0.6611
   64 0.5220
   64 0.5624
   64 0.6040
   64 0.6040
   64 0.5806
   64 0.6025
   64 0.6064
   64 0.6299
   64 0.5791
   64 0.6689
   64 0.5625
   64 0.6165
   64 0.5937
   64 0.6025
   64 0.5610
   64 0.5000
   64 0.6455
   64 0.6090
   64 0.6157
   64 0.6131
   64 0.6416
   64 0.6392
   64 0.6338
   64 0.6431
   64 0.6182
   64 0.6090
   64 0.5908
   64 0.6416
   64 0.6221
   64 0.5623
   64 0.5767
   64 0.5845
   64 0.5752
   64 0.5908
   64 0.5546
   64 0.6047
   64 0.6104
   64 0.5623
   64 0.6587
   64 0.6064
   64 0.6626
   64 0.6196
   64 0.6572
   64 0.5610
   64 0.6196
   64 0.6572
   64 0.6047
   64 0.6282
   64 0.6104
   64 0.5610
   64 0.6260
   64 0.6324
   64 0.6090
   64 0.5540
   64 0.6338
   64 0.5000
   64 0.6086
   64 0.6157
   64 0.6650
   64 0.6260
   64 0.6054
   64 0.6182
   64 0.6885
   64 0.6274
   64 0.6221
   64 0.6014
   64 0.5962
   64 0.6235
   64 0.6299
   64 0.5596
   64 0.6299
   64 0.6143
   64 0.5000
   64 0.6572
   64 0.6392
   64 0.6313
   64 0.6572
   64 0.6572
   64 0.6494
   64 0.6321
   64 0.6282
   64 0.6353
   64 0.6118
   64 0.6509
   64 0.6274
   64 0.6274
   64 0.6729
   64 0.6260
   64 0.6455
   64 0.5908
   64 0.6012
   64 0.5781
   64 0.6104
   64 0.6235
   64 0.6689
   64 0.5623
   64 0.6064
   64 0.6274
   64 0.6274
   64 0.6064
   64 0.6118
   64 0.5947
   64 0.5986
   64 0.5969
   64 0.6377
   64 0.6157
   64 0.5869
   64 0.6470
   64 0.6260
   64 0.6064
   64 0.6260
   64 0.6025
   64 0.6572
   64 0.6455
   64 0.6025
   64 0.6143
   64 0.6885
   64 0.6282
   64 0.6132
   64 0.6260
   64 0.6118
   64 0.5610
   64 0.6260
   64 0.5895
   64 0.5858
   64 0.5610
   64 0.6157
   64 0.6221
   64 0.5869
   64 0.6416
   64 0.6353
   64 0.5579
   64 0.6221
   64 0.5947
   64 0.6455
   64 0.6143
   64 0.6650
   64 0.6572
   64 0.6353
   64 0.6274
   64 0.6014
   64 0.5752
   64 0.6104
   64 0.5283
   64 0.6494
   64 0.6455
   64 0.6431
   64 0.6899
   64 0.6572
   64 0.5624
   64 0.6182
   64 0.6455
   64 0.5579
   64 0.5540
   64 0.6064
   64 0.6377
   64 0.6572
   64 0.6494
   64 0.4998
   64 0.6377
   64 0.6079
   64 0.6104
   64 0.6086
   64 0.6104
   64 0.5621
   64 0.5934
   64 0.6455
   64 0.6182
   64 0.5856
   64 0.6204
   64 0.6353
   64 0.6729
   64 0.6299
   64 0.5625
   64 0.6079
   64 0.6611
   64 0.6260
   64 0.5625
   64 0.5969
   64 0.5791
   64 0.5518
   64 0.6416
   64 0.5830
   64 0.5891
   64 0.6416
   64 0.6025
   64 0.6338
   64 0.6260
   64 0.6064
   64 0.6064
   64 0.5618
   64 0.5856
   64 0.6443
   64 0.5923
   64 0.6064
   64 0.5895
   64 0.5625
   64 0.5897
   64 0.6260
   64 0.5735
   64 0.6338
   64 0.6392
   64 0.5312
   64 0.6494
   64 0.5908
   64 0.6274
   64 0.5596
   64 0.5000
   64 0.6313
   64 0.6260
   64 0.6182
   64 0.5947
   64 0.5898
   64 0.5610
   64 0.6392
   64 0.6282
   64 0.6338
   64 0.5852
   64 0.6587
   64 0.5610
   64 0.6040
   64 0.6353
   64 0.6470
   64 0.6040
   64 0.5596
   64 0.6572
   64 0.5934
   64 0.6299
   64 0.6221
   64 0.6047
   64 0.5625
   64 0.5504
   64 0.6494
   64 0.6377
   64 0.6196
   64 0.6470
   64 0.6885
   64 0.6338
   64 0.6118
   64 0.6665
   64 0.6079
   64 0.5625
   64 0.6001
   64 0.6416
   64 0.6079
   64 0.5806
   64 0.5610
   64 0.6494
   64 0.6729
   64 0.6416
   64 0.6260
   64 0.6431
   64 0.6416
   64 0.6377
   64 0.5908
   64 0.6338
   64 0.5986
   64 0.6260
   64 0.6650
   64 0.5937
   64 0.5986
   64 0.6092
   64 0.5000
   64 0.6260
   64 0.5923
   64 0.5930
   64 0.6064
   64 0.5621
   64 0.6157
   64 0.5000
   64 0.6338
   64 0.5778
   64 0.6260
   64 0.6118
   64 0.6282
   64 0.6014
   64 0.6313
   64 0.6243
   64 0.6321
   64 0.5621
   64 0.4985
   64 0.6282
   64 0.6494
   64 0.6260
   64 0.5312
   64 0.6338
   64 0.5621
   64 0.6377
   64 0.6299
   64 0.6209
   64 0.5623
   64 0.6015
   64 0.4961
   64 0.6885
   64 0.6377
   64 0.6157
   64 0.5973
   64 0.6260
   64 0.5545
   64 0.5923
   64 0.6611
   64 0.5934
   64 0.6260
   64 0.6572
   64 0.6274
   64 0.6143
   64 0.5468
   64 0.6353
   64 0.6040
   64 0.5000
   64 0.6299
   64 0.6611
   64 0.6274
   64 0.6221
   64 0.6338
   64 0.5623
   64 0.6509
   64 0.5986
   64 0.6509
   64 0.5852
   64 0.6064
   64 0.6001
   64 0.5660
   64 0.6416
   64 0.5625
   64 0.6431
   64 0.5461
   64 0.6090
   64 0.6594
   64 0.6040
   64 0.5000
   64 0.6047
   64 0.5625
   64 0.6572
   64 0.6051
   64 0.5845
   64 0.6221
   64 0.6416
   64 0.6689
   64 0.5986
   64 0.5780
   64 0.6182
   64 0.6204
   64 0.6125
   64 0.6494
   64 0.6104
   64 0.5688
   64 0.5664
   64 0.6064
   64 0.6015
   64 0.6572
   64 0.6274
   64 0.6182
   64 0.5962
   64 0.6274
   64 0.6274
   64 0.6289
   64 0.5545
   64 0.6182
   64 0.6025
   64 0.6299
   64 0.6353
   64 0.6338
   64 0.5908
   64 0.5000
   64 0.6313
   64 0.6353
   64 0.5461
   64 0.6260
   64 0.6086
   64 0.5898
   64 0.6243
   64 0.5986
   64 0.5897
   64 0.6143
   64 0.5923
   64 0.5908
   64 0.5780
   64 0.5625
   64 0.6431
   64 0.6572
   64 0.6196
   64 0.6338
   16 0.5596
   16 0.6899
   16 0.6353
   16 0.6626
   16 0.6885
   16 0.4814
   16 0.5479
   16 0.6338
   16 0.4993
   16 0.6633
   16 0.5891
   16 0.6611
   16 0.5461
   16 0.6548
   16 0.6025
   16 0.6313
   16 0.6221
   16 0.6924
   16 0.5779
   16 0.5674
   16 0.5000
   16 0.6509
   16 0.6125
   16 0.5571
   16 0.6235
   16 0.6040
   16 0.5547
   16 0.6104
   16 0.6313
   16 0.5234
   16 0.6907
   16 0.5454
   16 0.6079
   16 0.4961
   16 0.6494
   16 0.6743
   16 0.4844
   16 0.6572
   16 0.5312
   16 0.6392
   16 0.6665
   16 0.6494
   16 0.6092
   16 0.4999
   16 0.7002
   16 0.6650
   16 0.6079
   16 0.5845
   16 0.4375
   16 0.7056
   16 0.6338
   16 0.6729
   16 0.6899
   16 0.6377
   16 0.5610
   16 0.6289
   16 0.6885
   16 0.6561
   16 0.6611
   16 0.5000
   16 0.6587
   16 0.6338
   16 0.6572
   16 0.5934
   16 0.6470
   16 0.6001
   16 0.7510
   16 0.6274
   16 0.6611
   16 0.6285
   16 0.6321
   16 0.6064
   16 0.6885
   16 0.6313
   16 0.6299
   16 0.6516
   16 0.6235
   16 0.7041
   16 0.5859
   16 0.6377
   16 0.6611
   16 0.6403
   16 0.6235
   16 0.6221
   16 0.6235
   16 0.6338
   16 0.7002
   16 0.6040
   16 0.4922
   16 0.5986
   16 0.5884
   16 0.6533
   16 0.6248
   16 0.5000
   16 0.5625
   16 0.7510
   16 0.6572
   16 0.5422
   16 0.6182
   16 0.6743
   16 0.6750
   16 0.5400
   16 0.6287
   16 0.6431
   16 0.5937
   16 0.6885
   16 0.6885
   16 0.6729
   16 0.6598
   16 0.5000
   16 0.6353
   16 0.6221
   16 0.6392
   16 0.6790
   16 0.5000
   16 0.6204
   16 0.5908
   16 0.6572
   16 0.6327
   16 0.7510
   16 0.5858
   16 0.6572
   16 0.6729
   16 0.5858
   16 0.6012
   16 0.5869
   16 0.6012
   16 0.6587
   16 0.5908
   16 0.6001
   16 0.5618
   16 0.6572
   16 0.6047
   16 0.5937
   16 0.6377
   16 0.6392
   16 0.7197
   16 0.5859
   16 0.6104
   16 0.6143
   16 0.6626
   16 0.5937
   16 0.6572
   16 0.4998
   16 0.6924
   16 0.6182
   16 0.6143
   16 0.4957
   16 0.6633
   16 0.5571
   16 0.6025
   16 0.6235
   16 0.6204
   16 0.5000
   16 0.7056
   16 0.6587
   16 0.6377
   16 0.6157
   16 0.6246
   16 0.7510
   16 0.6611
   16 0.6626
   16 0.6885
   16 0.5908
   16 0.6899
   16 0.6211
   16 0.6353
   16 0.4971
   16 0.6338
   16 0.6235
   16 0.6743
   16 0.6366
   16 0.5586
   16 0.6221
   16 0.5986
   16 0.6885
   16 0.5298
   16 0.6416
   16 0.6587
   16 0.5000
   16 0.6313
   16 0.6235
   16 0.6885
   16 0.6494
   16 0.6494
   16 0.6260
   16 0.5610
   16 0.6455
   16 0.6392
   16 0.6416
   16 0.6165
   16 0.6040
   16 0.6221
   16 0.6047
   16 0.4684
   16 0.5908
   16 0.5767
   16 0.6250
   16 0.6729
   16 0.6885
   16 0.6104
   16 0.6086
   16 0.6093
   16 0.5000
   16 0.6079
   16 0.6885
   16 0.6221
   16 0.6365
   16 0.6572
   16 0.6626
   16 0.7510
   16 0.6243
   16 0.6143
   16 0.5936
   16 0.6165
   16 0.3750
   16 0.5156
   16 0.6494
   16 0.5518
   16 0.5830
   16 0.6377
   16 0.4960
   16 0.6353
   16 0.6196
   16 0.5000
   16 0.6182
   16 0.6768
   16 0.5618
   16 0.6587
   16 0.5618
   16 0.5908
   16 0.6885
   16 0.6182
   16 0.6729
   16 0.6650
   16 0.6444
   16 0.5976
   16 0.6572
   16 0.6807
   16 0.6260
   16 0.7119
   16 0.5986
   16 0.6924
   16 0.6299
   16 0.5664
   16 0.6366
   16 0.5930
   16 0.6885
   16 0.6196
   16 0.6016
   16 0.6235
   16 0.6282
   16 0.5908
   16 0.4687
   16 0.5543
   16 0.5930
   16 0.6040
   16 0.5937
   16 0.6326
   16 0.5571
   16 0.6221
   16 0.5625
   16 0.6086
   16 0.7510
   16 0.6587
   16 0.6885
   16 0.5908
   16 0.6477
   16 0.6587
   16 0.6016
   16 0.6064
   16 0.5852
   16 0.6282
   16 0.6025
   16 0.5930
   16 0.5000
   16 0.6548
   16 0.4375
   16 0.7041
   16 0.5937
   16 0.7510
   16 0.6885
   16 0.4844
   16 0.7510
   16 0.6182
   16 0.5936
   16 0.5986
   16 0.4998
   16 0.6008
   16 0.6885
   16 0.6243
   16 0.6289
   16 0.6455
   16 0.6143
   16 0.6572
   16 0.6455
   16 0.6885
   16 0.4687
   16 0.6572
   16 0.6040
   16 0.6650
   16 0.6143
   16 0.4993
   16 0.6086
   16 0.6729
   16 0.6260
   16 0.5774
   16 0.7510
   16 0.6416
   16 0.6509
   16 0.5000
   16 0.6611
   16 0.6235
   16 0.5000
   16 0.6260
   16 0.6729
   16 0.6040
   16 0.5000
   16 0.6143
   16 0.6168
   16 0.6572
   16 0.6064
   16 0.5859
   16 0.6885
   16 0.6353
   16 0.6470
   16 0.6431
   16 0.6494
   16 0.6885
   16 0.6520
   16 0.6090
   16 0.6399
   16 0.5461
   16 0.7197
   16 0.7197
   16 0.6704
   16 0.6533
   16 0.6572
   16 0.6533
   16 0.6377
   16 0.5934
   16 0.5000
   16 0.5908
   16 0.5557
   16 0.5312
   16 0.6249
   16 0.6729
   16 0.6086
   16 0.5618
   16 0.6885
   16 0.6416
   16 0.6885
   16 0.4996
   16 0.5000
   16 0.6963
   16 0.6650
   16 0.6012
   16 0.5584
   16 0.6260
   16 0.5937
   16 0.6260
   16 0.5625
   16 0.6555
   16 0.6221
   16 0.6611
   16 0.6470
   16 0.6431
   16 0.5000
   16 0.6399
   16 0.6209
   16 0.6494
   16 0.6572
   16 0.6285
   16 0.6807
   16 0.6182
   16 0.6548
   16 0.6221
   16 0.6235
   16 0.5898
   16 0.6143
   16 0.6633
   16 0.6221
   16 0.6008
   16 0.5859
   16 0.6079
   16 0.5728
   16 0.6689
   16 0.6455
   16 0.5884
   16 0.6168
   16 0.6287
   16 0.6221
   16 0.4996
   16 0.6221
   16 0.6182
   16 0.6182
   16 0.6171
   16 0.6235
   16 0.5586
   16 0.6455
   16 0.6094
   16 0.4960
   16 0.6377
   16 0.5674
   16 0.5923
   16 0.6182
   16 0.4375
   16 0.6182
   16 0.5976
   16 0.6338
   16 0.6885
   16 0.6196
   16 0.5813
   16 0.6221
   16 0.5895
   16 0.6104
   16 0.6025
   16 0.6125
   16 0.6299
   16 0.6143
   16 0.6143
   16 0.5625
   16 0.6494
   16 0.6047
   16 0.6285
   16 0.6274
   16 0.6008
   16 0.6572
   16 0.6572
   16 0.6885
   16 0.5518
   16 0.6221
   16 0.6494
   16 0.5610
   16 0.6416
   16 0.6104
   16 0.6442
   16 0.5571
   16 0.5908
   16 0.5895
   16 0.6494
   16 0.6416
   16 0.4999
   16 0.5781
   16 0.5923
   16 0.5891
   16 0.5908
   16 0.6807
   16 0.6494
   16 0.5621
   16 0.5309
   16 0.6047
   16 0.6118
   16 0.6274
   16 0.5547
   16 0.6360
   16 0.6086
   16 0.6611
   16 0.6729
   16 0.6650
   16 0.6572
   16 0.5312
   16 0.6416
   16 0.6104
   16 0.5767
   16 0.6243
   16 0.4971
   16 0.6313
   16 0.6704
   16 0.5778
   16 0.6235
   16 0.6548
   16 0.6455
   16 0.6572
   16 0.5312
   16 0.6143
   16 0.5830
   16 0.6963
   16 0.6104
   16 0.6416
   16 0.6313
   16 0.4961
   16 0.6221
   16 0.6689
   16 0.6243
   16 0.6494
   16 0.6235
   16 0.5962
   16 0.6807
   16 0.6053
   16 0.6143
   16 0.7236
   16 0.6572
   16 0.6260
   16 0.6260
   16 0.6221
   16 0.5830
   16 0.6196
   16 0.6729
   16 0.7510
  128 0.6143
  128 0.5610
  128 0.5739
  128 0.6064
  128 0.6338
  128 0.6470
  128 0.6051
  128 0.6416
  128 0.6090
  128 0.6313
  128 0.6015
  128 0.6274
  128 0.6650
  128 0.6611
  128 0.6338
  128 0.6025
  128 0.6129
  128 0.6338
  128 0.5625
  128 0.6416
  128 0.6274
  128 0.6143
  128 0.6260
  128 0.6157
  128 0.6431
  128 0.6431
  128 0.6204
  128 0.5390
  128 0.6377
  128 0.5975
  128 0.5623
  128 0.5845
  128 0.6392
  128 0.5596
  128 0.6235
  128 0.5969
  128 0.5625
  128 0.6416
  128 0.6455
  128 0.5791
  128 0.5923
  128 0.6353
  128 0.6650
  128 0.6274
  128 0.6260
  128 0.6299
  128 0.5869
  128 0.6587
  128 0.6157
  128 0.6360
  128 0.6221
  128 0.6221
  128 0.5856
  128 0.6235
  128 0.5908
  128 0.6260
  128 0.6470
  128 0.6416
  128 0.6572
  128 0.6650
  128 0.6207
  128 0.6016
  128 0.6168
  128 0.6025
  128 0.5923
  128 0.6633
  128 0.5000
  128 0.6086
  128 0.6338
  128 0.6572
  128 0.6353
  128 0.6494
  128 0.5806
  128 0.5908
  128 0.6079
  128 0.6431
  128 0.5884
  128 0.6572
  128 0.6353
  128 0.6572
  128 0.6321
  128 0.6416
  128 0.5884
  128 0.6572
  128 0.6079
  128 0.5908
  128 0.6299
  128 0.6377
  128 0.6338
  128 0.6260
  128 0.6260
  128 0.6182
  128 0.6092
  128 0.6248
  128 0.6313
  128 0.6243
  128 0.6377
  128 0.5610
  128 0.6086
  128 0.6313
  128 0.6321
  128 0.5820
  128 0.6001
  128 0.6416
  128 0.6260
  128 0.6260
  128 0.5000
  128 0.6299
  128 0.5778
  128 0.6572
  128 0.6650
  128 0.6404
  128 0.6143
  128 0.6143
  128 0.6143
  128 0.6611
  128 0.6248
  128 0.4375
  128 0.6064
  128 0.6338
  128 0.6221
  128 0.6416
  128 0.6182
  128 0.5000
  128 0.6494
  128 0.5610
  128 0.5780
  128 0.6353
  128 0.6001
  128 0.6353
  128 0.6274
  128 0.5934
  128 0.5937
  128 0.6157
  128 0.6338
  128 0.5610
  128 0.6313
  128 0.6650
  128 0.6321
  128 0.6438
  128 0.6299
  128 0.6313
  128 0.6260
  128 0.6040
  128 0.6204
  128 0.6260
  128 0.6533
  128 0.6494
  128 0.6182
  128 0.6650
  128 0.6246
  128 0.5869
  128 0.6157
  128 0.6455
  128 0.6572
  128 0.6338
  128 0.6587
  128 0.6001
  128 0.6431
  128 0.6143
  128 0.6403
  128 0.6260
  128 0.6260
  128 0.6650
  128 0.5858
  128 0.6196
  128 0.6353
  128 0.6650
  128 0.6494
  128 0.6260
  128 0.6299
  128 0.6431
  128 0.5752
  128 0.6282
  128 0.5000
  128 0.5767
  128 0.6377
  128 0.6079
  128 0.6064
  128 0.6274
  128 0.6040
  128 0.6064
  128 0.6243
  128 0.6431
  128 0.6885
  128 0.5312
  128 0.6274
  128 0.6260
  128 0.5947
  128 0.6260
  128 0.6182
  128 0.6086
  128 0.6338
  128 0.6221
  128 0.6282
  128 0.5774
  128 0.5625
  128 0.6416
  128 0.6455
  128 0.6885
  128 0.6548
  128 0.5596
  128 0.6274
  128 0.5596
  128 0.6299
  128 0.6416
  128 0.6416
  128 0.5859
  128 0.6416
  128 0.6416
  128 0.6040
  128 0.6392
  128 0.5852
  128 0.6260
  128 0.5662
  128 0.6221
  128 0.6416
  128 0.6196
  128 0.5625
  128 0.6079
  128 0.6416
  128 0.6572
  128 0.6533
  128 0.6064
  128 0.5934
  128 0.6392
  128 0.6572
  128 0.6204
  128 0.6470
  128 0.6326
  128 0.6353
  128 0.5000
  128 0.6260
  128 0.6143
  128 0.5898
  128 0.6235
  128 0.6132
  128 0.6353
  128 0.5923
  128 0.6196
  128 0.6165
  128 0.6338
  128 0.6012
  128 0.6243
  128 0.6221
  128 0.5869
  128 0.6025
  128 0.5625
  128 0.5930
  128 0.6353
  128 0.6324
  128 0.5582
  128 0.6353
  128 0.6299
  128 0.6729
  128 0.5624
  128 0.6299
  128 0.5618
  128 0.6079
  128 0.6129
  128 0.5908
  128 0.6051
  128 0.6455
  128 0.6235
  128 0.5000
  128 0.6572
  128 0.6064
  128 0.5584
  128 0.5937
  128 0.6431
  128 0.6157
  128 0.5000
  128 0.6313
  128 0.6182
  128 0.6650
  128 0.6086
  128 0.6118
  128 0.6047
  128 0.6572
  128 0.6047
  128 0.6494
  128 0.5625
  128 0.6299
  128 0.6338
  128 0.6125
  128 0.5986
  128 0.6143
  128 0.6299
  128 0.5778
  128 0.6143
  128 0.6299
  128 0.6165
  128 0.6090
  128 0.6377
  128 0.6260
  128 0.6079
  128 0.6299
  128 0.6377
  128 0.6324
  128 0.6260
  128 0.6182
  128 0.6182
  128 0.5937
  128 0.6064
  128 0.6572
  128 0.6274
  128 0.6313
  128 0.6055
  128 0.6064
  128 0.5596
  128 0.6143
  128 0.6572
  128 0.6299
  128 0.6008
  128 0.6587
  128 0.6196
  128 0.5923
  128 0.6338
  128 0.6338
  128 0.6207
  128 0.5858
  128 0.6650
  128 0.6360
  128 0.6650
  128 0.6338
  128 0.5908
  128 0.6481
  128 0.5986
  128 0.6196
  128 0.6143
  128 0.5596
  128 0.6047
  128 0.6729
  128 0.6299
  128 0.6079
  128 0.6416
  128 0.6274
  128 0.5884
  128 0.6587
  128 0.5625
  128 0.6086
  128 0.6053
  128 0.6438
  128 0.6143
  128 0.5986
  128 0.6572
  128 0.6090
  128 0.6131
  128 0.6165
  128 0.6438
  128 0.6246
  128 0.6377
  128 0.6338
  128 0.6509
  128 0.5923
  128 0.6282
  128 0.6260
  128 0.6572
  128 0.6260
  128 0.6299
  128 0.5934
  128 0.5976
  128 0.6377
  128 0.6353
  128 0.6392
  128 0.5973
  128 0.6204
  128 0.6377
  128 0.6431
  128 0.6235
  128 0.6221
  128 0.6118
  128 0.6274
  128 0.6572
  128 0.6338
  128 0.5930
  128 0.5897
  128 0.6572
  128 0.6118
  128 0.6416
  128 0.6196
  128 0.6470
  128 0.6143
  128 0.6313
  128 0.5621
  128 0.6260
  128 0.6260
  128 0.5930
  128 0.6170
  128 0.6064
  128 0.6221
  128 0.6285
  128 0.6416
  128 0.6416
  128 0.6053
  128 0.6509
  128 0.6338
  128 0.6729
  128 0.6403
  128 0.6040
  128 0.6079
  128 0.5469
  128 0.5923
  128 0.6157
  128 0.6416
  128 0.6143
  128 0.6274
  128 0.6327
  128 0.6416
  128 0.5830
  128 0.6338
  128 0.6079
  128 0.6399
  128 0.6093
  128 0.6416
  128 0.6064
  128 0.6399
  128 0.5934
  128 0.5547
  128 0.6260
  128 0.6729
  128 0.6299
  128 0.6494
  128 0.6274
  128 0.5936
  128 0.6807
  128 0.6299
  128 0.6338
  128 0.6416
  128 0.6572
  128 0.5618
  128 0.6650
  128 0.6299
  128 0.6157
  128 0.6338
  128 0.6353
  128 0.6274
  128 0.6533
  128 0.6274
  128 0.6104
  128 0.6064
  128 0.6131
  128 0.6157
  128 0.6494
  128 0.6455
  128 0.6455
  128 0.6313
  128 0.6274
  128 0.6377
  128 0.6455
  128 0.6494
  128 0.5986
  128 0.6338
  128 0.5852
  128 0.6260
  128 0.5930
  128 0.6104
  128 0.6494
  128 0.6260
  128 0.6299
  128 0.6494
  128 0.6416
  128 0.6611
  128 0.6689
  128 0.6729
  128 0.6392
  128 0.6470
  128 0.5891
  128 0.6008
  128 0.6299
  128 0.6086
  128 0.6182
  128 0.6047
  128 0.6572
  128 0.5937
  128 0.6338
  128 0.6299
  128 0.6455
  128 0.6204
  128 0.6455
  128 0.6143
  128 0.5937
  128 0.5430
  128 0.6129
  128 0.6416
  128 0.6494
  128 0.6051
  128 0.6377
  128 0.6182
  128 0.5439
  128 0.6313
  128 0.6338
  128 0.5937
  128 0.5621
  128 0.6572
  128 0.5703
  128 0.6182
  128 0.5625
  128 0.6572
  128 0.5781
  256 0.6196
  256 0.6494
  256 0.6455
  256 0.5937
  256 0.6353
  256 0.6338
  256 0.6040
  256 0.6064
  256 0.6282
  256 0.6282
  256 0.6431
  256 0.6016
  256 0.6338
  256 0.6165
  256 0.6353
  256 0.6274
  256 0.6431
  256 0.6243
  256 0.6143
  256 0.6455
  256 0.6399
  256 0.6221
  256 0.6572
  256 0.6143
  256 0.6572
  256 0.6093
  256 0.6572
  256 0.6455
  256 0.6377
  256 0.6533
  256 0.6494
  256 0.5625
  256 0.6015
  256 0.6235
  256 0.6299
  256 0.6243
  256 0.6455
  256 0.6494
  256 0.6221
  256 0.6221
  256 0.6885
  256 0.6143
  256 0.6143
  256 0.6729
  256 0.6221
  256 0.6572
  256 0.6133
  256 0.6171
  256 0.6196
  256 0.6650
  256 0.6509
  256 0.6064
  256 0.6572
  256 0.6455
  256 0.6338
  256 0.6260
  256 0.6338
  256 0.6248
  256 0.6377
  256 0.6064
  256 0.6477
  256 0.6086
  256 0.6338
  256 0.6392
  256 0.6533
  256 0.6494
  256 0.5937
  256 0.6360
  256 0.6665
  256 0.6054
  256 0.6572
  256 0.6377
  256 0.6392
  256 0.6416
  256 0.6377
  256 0.6274
  256 0.6572
  256 0.6092
  256 0.5625
  256 0.6221
  256 0.6416
  256 0.6196
  256 0.6260
  256 0.6587
  256 0.6133
  256 0.6509
  256 0.6204
  256 0.6611
  256 0.6051
  256 0.6182
  256 0.6455
  256 0.6611
  256 0.6204
  256 0.6008
  256 0.6221
  256 0.6143
  256 0.6104
  256 0.6416
  256 0.6494
  256 0.6172
  256 0.6079
  256 0.6235
  256 0.6572
  256 0.6533
  256 0.6729
  256 0.6416
  256 0.6086
  256 0.6324
  256 0.6650
  256 0.6377
  256 0.6274
  256 0.6172
  256 0.6626
  256 0.6125
  256 0.6171
  256 0.6131
  256 0.6650
  256 0.6494
  256 0.6196
  256 0.6313
  256 0.6260
  256 0.5937
  256 0.6079
  256 0.6250
  256 0.6260
  256 0.6729
  256 0.5937
  256 0.6094
  256 0.6377
  256 0.6025
  256 0.6221
  256 0.6243
  256 0.6182
  256 0.6313
  256 0.6274
  256 0.6431
  256 0.6626
  256 0.6235
  256 0.6353
  256 0.6572
  256 0.6416
  256 0.6338
  256 0.6171
  256 0.6416
  256 0.6168
  256 0.6285
  256 0.6008
  256 0.6885
  256 0.6182
  256 0.6282
  256 0.6626
  256 0.6587
  256 0.5625
  256 0.6885
  256 0.6455
  256 0.6509
  256 0.6494
  256 0.6196
  256 0.6104
  256 0.6611
  256 0.6377
  256 0.6392
  256 0.6431
  256 0.6235
  256 0.6338
  256 0.6182
  256 0.6364
  256 0.6587
  256 0.6572
  256 0.6455
  256 0.6094
  256 0.5937
  256 0.6250
  256 0.6015
  256 0.6313
  256 0.6001
  256 0.6207
  256 0.6455
  256 0.5779
  256 0.6416
  256 0.6235
  256 0.6455
  256 0.6455
  256 0.6338
  256 0.6047
  256 0.6572
  256 0.6313
  256 0.6182
  256 0.6235
  256 0.6243
  256 0.6377
  256 0.6611
  256 0.6494
  256 0.6274
  256 0.6587
  256 0.6572
  256 0.5625
  256 0.6392
  256 0.6885
  256 0.5937
  256 0.6008
  256 0.6431
  256 0.6243
  256 0.6650
  256 0.6431
  256 0.6377
  256 0.6494
  256 0.6416
  256 0.6054
  256 0.6274
  256 0.6196
  256 0.6729
  256 0.6377
  256 0.6172
  256 0.6246
  256 0.5937
  256 0.6064
  256 0.6165
  256 0.6650
  256 0.6288
  256 0.6079
  256 0.6338
  256 0.6313
  256 0.6129
  256 0.6299
  256 0.6221
  256 0.6509
  256 0.6455
  256 0.6171
  256 0.6243
  256 0.6299
  256 0.6289
  256 0.6246
  256 0.6274
  256 0.6118
  256 0.6326
  256 0.6248
  256 0.6338
  256 0.6555
  256 0.6416
  256 0.6090
  256 0.6572
  256 0.6235
  256 0.6313
  256 0.5859
  256 0.6626
  256 0.6182
  256 0.6299
  256 0.6313
  256 0.6377
  256 0.6086
  256 0.6431
  256 0.6455
  256 0.6587
  256 0.6221
  256 0.6455
  256 0.6274
  256 0.6885
  256 0.6431
  256 0.6086
  256 0.6399
  256 0.5937
  256 0.6399
  256 0.6676
  256 0.6572
  256 0.6885
  256 0.6377
  256 0.6353
  256 0.6040
  256 0.6221
  256 0.6235
  256 0.6246
  256 0.6338
  256 0.6729
  256 0.6246
  256 0.6221
  256 0.6431
  256 0.6366
  256 0.6064
  256 0.6274
  256 0.6221
  256 0.6299
  256 0.6587
  256 0.6299
  256 0.5934
  256 0.6274
  256 0.6165
  256 0.6157
  256 0.6587
  256 0.6016
  256 0.6743
  256 0.6572
  256 0.6416
  256 0.6509
  256 0.6470
  256 0.6090
  256 0.6165
  256 0.6729
  256 0.6470
  256 0.6025
  256 0.6182
  256 0.6392
  256 0.6171
  256 0.6090
  256 0.6729
  256 0.6235
  256 0.6260
  256 0.6299
  256 0.6299
  256 0.6416
  256 0.6444
  256 0.6481
  256 0.6516
  256 0.6572
  256 0.6392
  256 0.6079
  256 0.6094
  256 0.6729
  256 0.6483
  256 0.6260
  256 0.6377
  256 0.6377
  256 0.6243
  256 0.6885
  256 0.6165
  256 0.6221
  256 0.6182
  256 0.5817
  256 0.6079
  256 0.6494
  256 0.6104
  256 0.6470
  256 0.6143
  256 0.6520
  256 0.6040
  256 0.6587
  256 0.6364
  256 0.6494
  256 0.6494
  256 0.6509
  256 0.6094
  256 0.6260
  256 0.6729
  256 0.6650
  256 0.6016
  256 0.6250
  256 0.6885
  256 0.6729
  256 0.6015
  256 0.6243
  256 0.6360
  256 0.6431
  256 0.6416
  256 0.6572
  256 0.6248
  256 0.6455
  256 0.6235
  256 0.6366
  256 0.6338
  256 0.6377
  256 0.6377
  256 0.6438
  256 0.6299
  256 0.6399
  256 0.6182
  256 0.6533
  256 0.5618
  256 0.5830
  256 0.6438
  256 0.6196
  256 0.6313
  256 0.6572
  256 0.6092
  256 0.6274
  256 0.6572
  256 0.6533
  256 0.6509
  256 0.6211
  256 0.5937
  256 0.6455
  256 0.6246
  256 0.6477
  256 0.6377
  256 0.6572
  256 0.6079
  256 0.5623
  256 0.6313
  256 0.6324
  256 0.6650
  256 0.6143
  256 0.6729
  256 0.6327
  256 0.6377
  256 0.6494
  256 0.6104
  256 0.6064
  256 0.6168
  256 0.6001
  256 0.5791
  256 0.6587
  256 0.6611
  256 0.6572
  256 0.6182
  256 0.6885
  256 0.6416
  256 0.6246
  256 0.6392
  256 0.6572
  256 0.5859
  256 0.6353
  256 0.6572
  256 0.6431
  256 0.6392
  256 0.5908
  256 0.6431
  256 0.6299
  256 0.6299
  256 0.6353
  256 0.6014
  256 0.6470
  256 0.6416
  256 0.6064
  256 0.6210
  256 0.6260
  256 0.6299
  256 0.6157
  256 0.6572
  256 0.6416
  256 0.6210
  256 0.6455
  256 0.6572
  256 0.6171
  256 0.6533
  256 0.6494
  256 0.5898
  256 0.6572
  256 0.6353
  256 0.6587
  256 0.6338
  256 0.6171
  256 0.6282
  256 0.6416
  256 0.6086
  256 0.6299
  256 0.5937
  256 0.6516
  256 0.6650
  256 0.6650
  256 0.5625
  256 0.6353
  256 0.6494
  256 0.6090
  256 0.6392
  256 0.5623
  256 0.6416
  256 0.6885
  256 0.6079
  256 0.6079
  256 0.6572
  256 0.6438
  256 0.6182
  256 0.6587
  256 0.6064
  256 0.6143
  256 0.6353
  256 0.6416
  256 0.6246
  256 0.6086
  256 0.6210
  256 0.6392
  256 0.6353
  256 0.6431
  256 0.6274
  256 0.6250
  256 0.6416
  256 0.6650
  256 0.6221
  256 0.6260
  256 0.6392
  256 0.6353
  256 0.6171
  256 0.6171
  256 0.6324
  256 0.6221
  256 0.6143
  256 0.6455
  256 0.6132
  256 0.6260
  256 0.6416
  256 0.6431
  256 0.6157
  256 0.6392
  256 0.6431
  256 0.6221
  256 0.6064
  256 0.6455
  256 0.6611
  256 0.6572
  256 0.6377
  256 0.6360
